-0.70868020316336 -0.03215647561846612 -0.7047966591295234 -0.060833470179356024 0.9980254907267292 0.01563357814477318 0.7029023108158601 0.053954433881473744 -0.7092370975310397 1.2022912123190101 0.2854849722409638 -0.773644338233822 
-0.7088925432423813 -0.03221412401612822 -0.7045804512965304 -0.06044722697493746 0.9980558836434106 0.015185054356546122 0.7027214916923983 0.053354506263711014 -0.7094616281202012 1.2092825161695029 0.2853273994559992 -0.7490051645961995 
-0.7090119080356421 -0.03226660030904891 -0.7044579339947521 -0.06033022792889447 0.9980656801892018 0.015005386583275212 0.7026111142457867 0.053139105496441866 -0.7095871036069723 1.2131163256030904 0.2861443062848761 -0.7389980513924114 
-0.7093025632921331 -0.03222993905951014 -0.7041669579974836 -0.060197421016875245 0.9980744662522008 0.014954274248581593 0.7023290854080633 0.05299613989343929 -0.7098769364800271 1.2161126341234803 0.2860472958956089 -0.7751879195845383 
-0.7095624227410003 -0.0322019350700386 -0.7039063883867418 -0.060110550686093195 0.9980800067049632 0.014933918174255177 0.7020739917773171 0.05290874779812641 -0.7101357436971454 1.2170082022396425 0.2848802675279999 -0.8094244703974517 
-0.7098192492537363 -0.03229390418693895 -0.7036431887975804 -0.06014329092988244 0.99807907714584 0.014864061350518893 0.7018115259419625 0.05287021388336986 -0.7103980029102989 1.2202808927902644 0.28431505595363243 -0.7992232151190725 
-0.7100247974256177 -0.032220663563659525 -0.7034391344531725 -0.06010152493308226 0.998080344689894 0.014947650130386635 0.7016071505774646 0.05289096693405991 -0.7105983055674645 1.2247026026071042 0.2850401309437278 -0.7853407452707827 
-0.710241238111789 -0.032385579559367605 -0.7032130245679735 -0.060197809454301324 0.9980762328520608 0.014834323467636308 0.7013797882904362 0.05286783192493056 -0.7108244402981798 1.2270959709422204 0.28580379624464397 -0.795383994216927 
-0.7105015405328993 -0.03249140590077172 -0.7029451397107519 -0.06019661254055829 0.998078134598615 0.014710712925983187 0.7011162020229024 0.05276690040868503 -0.7110919247764251 1.2294444566397156 0.28415379088260456 -0.8131894986060058 
-0.7106846242243504 -0.032619900342781 -0.7027540871405311 -0.060293140931616494 0.9980732634844705 0.01464574593726388 0.7009223224064807 0.05277975766414322 -0.7112820784563746 1.2313652890691371 0.2862275284751028 -0.8071658441460787 
-0.7108350288072388 -0.03278132233460849 -0.7025944397208155 -0.060307189280993066 0.9980753143884965 0.014446789585591688 0.7007685814458569 0.05264077995526267 -0.7114438442660553 1.234561932521383 0.2866611753660287 -0.8082350089430494 
-0.7111029111544942 -0.032860543286755896 -0.7023196098946002 -0.06023693824866428 0.9980817933783455 0.014291430897298868 0.7005027915847523 0.05246826108767952 -0.7117182873584218 1.2392100908923527 0.2850817627777001 -0.7759884109259965 
-0.7115384309580295 -0.032882321820512005 -0.7018773498136824 -0.06013003551606067 0.9980895714465053 0.014198105457018717 0.7000695966106679 0.05230640765167899 -0.7121563028015364 1.240645071438902 0.28744882677298383 -0.8183840271014672 
-0.7117849525128557 -0.03295663684774195 -0.701623860386716 -0.060122785650943165 0.9980912404784558 0.014111212766737151 0.6998195710480257 0.05222772987468861 -0.7124077710204276 1.243975556026777 0.2875837492047029 -0.8107507316491035 
-0.7118067702298589 -0.03302295793931187 -0.7015986075412892 -0.06015040475521494 0.9980904779611774 0.01404729906467016 0.6997950061716083 0.05220040279697952 -0.7124339038009859 1.24735870314521 0.28825052014694463 -0.8061477561385814 
-0.711793074116773 -0.033132099430901736 -0.7016073571640306 -0.06018954082046906 0.9980897566916596 0.013930425801280549 0.6998055721521627 0.05214500526881491 -0.7124275820111824 1.2485035432456304 0.28728288256400913 -0.8063560264399585 
-0.7118891234082542 -0.03323885123917447 -0.7015048501196036 -0.060209582854823446 0.9980902333731508 0.013809133846020023 0.6997061398226226 0.05206788658500723 -0.7125308786860365 1.2502857498577837 0.2879986798673099 -0.8118763727127793 
-0.7120717892564102 -0.033330279377194405 -0.7013150928233418 -0.06008667700816614 0.9981008772521425 0.013573137979846599 0.6995308128962516 0.05180474211056169 -0.7127221832548553 1.2539391375015738 0.2821593404159229 -0.8289080606991969 
-0.7121890325301083 -0.033405899975433 -0.7011924327819434 -0.05999593847392713 0.9981088713562122 0.013385375850573214 0.6994192371607044 0.05160161593264037 -0.7128464097704913 1.2583162609869374 0.28062613525616903 -0.8242636377287159 
-0.712197436987584 -0.03341874290186512 -0.7011832844350865 -0.05988660846623952 0.9981171565083111 0.013256545936818246 0.6994200489510776 0.05143276685754601 -0.7128578158501523 1.2607556752261107 0.2807996066485169 -0.8218188944227908 
-0.7119501571557781 -0.033466969544545165 -0.7014320606269485 -0.05967741966331123 0.998133723113328 0.012948990935786674 0.6996896306993493 0.05107869157907764 -0.712618683419385 1.2436780298215162 0.27397390139011724 -0.7983324598911065 
-0.7121381247675349 -0.03364477745751369 -0.7012327147262984 -0.059757091791564 0.9981309214851924 0.012796622825385299 0.6994915161981554 0.05101659068337433 -0.7128175967537919 1.2678224956888218 0.2863939852961451 -0.801085185522105 
-0.7120803471764983 -0.033666468982905 -0.7012903450292332 -0.05970514859330135 0.9981351770915693 0.01270682823655769 0.6995547686896642 0.050918926919218066 -0.7127625049656764 1.270204677326626 0.28849095542528086 -0.8058534875842251 
-0.7119919196268059 -0.0336518966380712 -0.7013808211227308 -0.059589703072619786 0.9981434199673581 0.012600812020788079 0.6996546102712771 0.05076675121107123 -0.7126753561739175 1.2725036696605756 0.2894512733346919 -0.7977393614449441 
-0.7119158957202862 -0.033709616939517684 -0.7014552153534634 -0.05948146469056932 0.9981523833922229 0.012400600255198957 0.6997411755635417 0.0505517680622119 -0.7126056454777335 1.273108279236187 0.29124498000641585 -0.810604155088901 
-0.7118269428709986 -0.03364414241768189 -0.7015486263146035 -0.059285592808023604 0.9981654634795087 0.012285194428203881 0.6998482849077575 0.05033665858712009 -0.7125156832757819 1.2766880382558268 0.2917196739012855 -0.8168096615453914 
-0.7116407887441187 -0.033763485461181034 -0.7017317256937734 -0.059143160021226535 0.9981779647206921 0.011951458854899726 0.7000496228256625 0.05000777735082201 -0.7123410333443374 1.2790513358035738 0.28943046646454573 -0.8015453438851539 
-0.7115081972680989 -0.03376702139281216 -0.7018659939664816 -0.059017070007602916 0.9981871740176756 0.011804705600916818 0.7001950233099473 0.04982121930326461 -0.7122111873869423 1.2827174261857064 0.2903602525772548 -0.7903179734840577 
-0.7113716250692856 -0.033722393496186324 -0.702006560669608 -0.05886536870218959 0.9981973632347251 0.011700102512272478 0.7003465423730162 0.04964699596280501 -0.7120743615508357 1.2844982297971492 0.2900750602027457 -0.8043891761446081 
-0.7111850747017765 -0.033715351713374954 -0.7021958876127604 -0.058681187392801114 0.9982104852041626 0.011504150322446855 0.7005514312080162 0.04938726847390852 -0.7118908553599256 1.286133724600996 0.2891609039120445 -0.816940060288087 
-0.7108828386294109 -0.033760156051920426 -0.7024997093277271 -0.058560124879141806 0.9982200702818753 0.011287296425062102 0.7008682483294063 0.049162416028892264 -0.7115945160931695 1.2900928201913968 0.2893883070452374 -0.8066043005345807 
-0.7106007302839377 -0.0336806797365239 -0.7027888829032662 -0.05828543143410855 0.9982383206154836 0.011093409634496777 0.7011771606395028 0.04884533823472434 -0.7113119725762115 1.2917067384317666 0.2910624374857814 -0.8085933442651655 
-0.7103601281139447 -0.03354410910375382 -0.7030386057183317 -0.05792750298688908 0.9982612781423796 0.010900686182370316 0.701450563321211 0.04846868376568547 -0.7110681359127111 1.29430353690987 0.29040507986416075 -0.8087435653626659 
-0.7116284974400537 -0.03385263815780992 -0.7017398952040333 -0.05795855949125163 0.9982625212765496 0.01061809758315773 0.700161186451313 0.04822797429234205 -0.712354108209356 1.4279064317890795 0.3012818116388104 -0.8195681327094878 
-0.7099571712370201 -0.0335908515793146 -0.7034432952977129 -0.057540237368687464 0.9982889884213445 0.010402724654810302 0.7018902592946307 0.04786178315592883 -0.710675251869974 1.3019113717307556 0.2904067305611931 -0.7864251934107207 
-0.7098194877779369 -0.03358034380846621 -0.7035827280998115 -0.05741591273413771 0.9982974335153426 0.010278482455396164 0.7020396767530834 0.04769271166944912 -0.7105390189975788 1.3041628929363782 0.29053539296271486 -0.8004449853414155 
-0.7094870605354059 -0.03349051629183943 -0.703922223154899 -0.05731726524040196 0.9983031472903618 0.010274104122476452 0.7023836857716662 0.04763624070667328 -0.7102027502996205 1.306868553921463 0.2910237277824134 -0.7924648461778697 
-0.7091247944883483 -0.03349175344043908 -0.7042871064369582 -0.05726499366229804 0.9983070628866896 0.010184728342383473 0.7027536882455441 0.04755324007926296 -0.7098421958542963 1.3073965051448244 0.29193195625508367 -0.8186081940455117 
-0.7089458988406875 -0.03350742918409434 -0.704466439730412 -0.05711016243519369 0.9983179094231472 0.009989047583359372 0.7029467560659165 0.04731388712069354 -0.7096670023482385 1.311394936259727 0.2910762267537689 -0.8067290038668392 
-0.7087535455934764 -0.03348262263951625 -0.7046611423867898 -0.05700594100742133 0.9983247462686832 0.009900690755086091 0.7031491550862693 0.04718702118961528 -0.7094749119825988 1.314814099838197 0.2918668311497119 -0.8032206475172563 
-0.7085993496200328 -0.0334112938271872 -0.7048195848320765 -0.05682947327807161 0.9983357114142246 0.00980909180255413 0.7033188271936165 0.04700524183372906 -0.7093187820403103 1.3177755248043856 0.28958299709416213 -0.7921736705319098 
-0.7083749119796593 -0.03337113793709681 -0.705047056039945 -0.05675212097813098 0.9983405267406634 0.009766751335950261 0.7035511216978435 0.046931437437585044 -0.7090932656130282 1.3194366505803414 0.29161785909985294 -0.8017541978084065 
-0.7081620662067776 -0.0332491257731912 -0.7052666046404481 -0.056592914036938426 0.9983496400813391 0.009759007647732198 0.7037781824314784 0.0468240513494861 -0.7088750088334793 1.3209692061192482 0.2922198910150251 -0.8160568048610096 
-0.7079770703628776 -0.03332988773037637 -0.7054485001928047 -0.05655214664910234 0.9983536239393178 0.009586254566283946 0.7039675578815942 0.046681475459883257 -0.7086963505614465 1.3249171091337801 0.2909459181868757 -0.8100691562984554 
-0.707741163794303 -0.03324066283851819 -0.7056893816723767 -0.05647731235181458 0.9983575830676158 0.00961506738947818 0.704210734269651 0.04666041861625965 -0.7084561010210543 1.3268097523679188 0.2919422719219588 -0.8105342792545167 
-0.7075521205189647 -0.03317774162545759 -0.7058818840356726 -0.05644848024462484 0.9983588055340507 0.00965735422854894 0.7044029853905991 0.04667904104903882 -0.7082637229871042 1.3287520302543838 0.29218209230686004 -0.8141653336226212 
-0.7073619524800117 -0.03311030889260085 -0.7060756160842143 -0.056437143854149434 0.9983588044972784 0.009723490954961642 0.7045948601694823 0.046726918663675385 -0.7080696844908321 1.331153718067589 0.2931974312955744 -0.8143397810428129 
-0.7071569928980739 -0.03297298447165478 -0.7062873138393372 -0.056301465019245156 0.9983660881402524 0.009762125189549446 0.7048114162185805 0.04666836558699837 -0.7078579880324852 1.3344330958734107 0.2926758512813284 -0.8002584522294007 
-0.7070493935470502 -0.032852670514677426 -0.7064006349974515 -0.05613249190628922 0.9983756973609587 0.009752449508189456 0.7049328325714012 0.04654749143695559 -0.7077450336129443 1.3384920432040872 0.2919429206675416 -0.7922522109186664 
-0.7068767468122275 -0.0327754224779787 -0.7065769855419523 -0.056091972314176744 0.998377461651777 0.009804830832813017 0.7051091798140682 0.046564103632996734 -0.7075682502732777 1.3396886318930041 0.29182166270386745 -0.8120759797703697 
-0.7067390950327203 -0.03273390575058114 -0.7067165931026695 -0.05609555317592103 0.9983767740816833 0.009854231991323095 0.7052468649105925 0.0466080292284867 -0.7074281243668629 1.3434641819397182 0.2920507288670951 -0.8043544658852627 
-0.7066930791119164 -0.03267712127097984 -0.7067652351953659 -0.056122146924514046 0.998374261642555 0.009956822498481028 0.7052908595465437 0.04670159992039541 -0.7073780912673033 1.347703399275801 0.29413286012142764 -0.7949556422376582 
-0.7066197402026906 -0.03267936161565977 -0.7068384554339666 -0.05619463960048327 0.9983695569634302 0.010019491444979753 0.705358565012189 0.046800502700688675 -0.7073040419161402 1.3492064250594407 0.2927966122893829 -0.8023981500204531 
-0.7065721059202208 -0.032575615881870905 -0.7068908603068664 -0.056265634969892085 0.9983633955072735 0.010232733389578225 0.7054006219567004 0.04700382708997356 -0.7072486145493653 1.3525563848707083 0.294940481318585 -0.8067467919011287 
-0.7063828407924335 -0.03240115728752326 -0.7070880053009251 -0.05630548925442062 0.998358360959606 0.010501189545450252 0.7055869713322606 0.04723079618721589 -0.7070475781570077 1.355499208908321 0.2972337717304759 -0.8255078852634653 
-0.7061509204263615 -0.032255249208128445 -0.7073262871401885 -0.056325349407763944 0.9983550749295957 0.010705109827304243 0.7058174924122355 0.047399823426283655 -0.7068061432557454 1.3591369820882846 0.2942704705844995 -0.8028689915776778 
-0.7060240309926347 -0.03223248432588732 -0.7074539805634662 -0.05632179738439766 0.9983550977769838 0.01072165482096124 0.7059447023671915 0.0474148257076878 -0.7066780819459505 1.3592623364964287 0.293415746531268 -0.8062447850720968 
-0.7060563309562218 -0.03208797085185687 -0.7074283141373748 -0.05634354563353719 0.9983513874715048 0.010950433743140947 0.7059106617569105 0.04759064257111677 -0.7067002676931632 1.3628510735014174 0.2942915356457284 -0.8092152254829276 
-0.7060644798063151 -0.03205341367311079 -0.7074217476355517 -0.05640634710239399 0.9983466018024871 0.011062851169142417 0.705897495648201 0.04771416290082832 -0.7067050900455376 1.3653731547776324 0.29451328728722403 -0.8205006063482797 
-0.7058733403429733 -0.03191605068378482 -0.7076186777508094 -0.0563706488429795 0.9983470585738966 0.011202704399832588 0.7060914794430501 0.04779661437380908 -0.7065057015426889 1.3684457543199855 0.2952217320695161 -0.812852738601306 
-0.7056950791017682 -0.03178841174561527 -0.7078021985062212 -0.0563625519700447 0.998345765340893 0.0113576212883999 0.7062702868356935 0.04790855565134408 -0.7063193698522142 1.3704408180814318 0.2945404219889026 -0.8227346294731146 
-0.7054868095761898 -0.03157830963452807 -0.7080191889169639 -0.05631708394822549 0.9983456777976356 0.011588514932811756 0.7064819513402859 0.048049120526866565 -0.7060981053982635 1.372434400625603 0.2940346678376109 -0.8226524039381152 
-0.7053107347506508 -0.03136687203500807 -0.708203986704563 -0.05625311955885537 0.9983467381744806 0.011805800111477915 0.7066628290672962 0.0481654410870956 -0.7059091558405312 1.378151391632852 0.2938508075124103 -0.7932450372330118 
-0.705378643608207 -0.031088620927940545 -0.7081486191402518 -0.05578666563706863 0.9983737043917802 0.011738582373192266 0.7066320238133456 0.04778539554961465 -0.7059658199187995 1.393920803624702 0.2706589790936398 -0.8197363862989624 
-0.7051245905787746 -0.030978498442837538 -0.7084064118818679 -0.055882676298588355 0.9983656420353821 0.011965420719153817 0.7068779514533062 0.048024758588735 -0.7057033259888117 1.3827749953858675 0.2829549561196023 -0.8387376274531856 
-0.7049258116891961 -0.030727534515893964 -0.7086151414109794 -0.05580536321791582 0.9983668482223863 0.012222839547960981 0.7070822876090479 0.0481607204376477 -0.7054893220712005 1.3832840492771994 0.2941108252937686 -0.8273711046220393 
-0.7048039821281993 -0.03040402127846763 -0.7087502679127057 -0.05535897134966254 0.998391714441487 0.012221653967269003 0.7072388076649504 0.04784955615976921 -0.7053535914050292 1.3906241038711307 0.28252759484863044 -0.8105690176498258 
-0.7048295603779599 -0.030011969565028555 -0.7087415413959026 -0.054597019799256685 0.9984361623775333 0.012016450635001036 0.7072725473581254 0.047164725586519025 -0.7053658854905708 1.4021659890900966 0.2481002678507882 -0.828350457222568 
-0.7050767177199694 -0.02990150732826475 -0.7085003330900644 -0.05509552669190774 0.9984004077656351 0.01269286066869561 0.7069874857929069 0.04798463955174996 -0.7055963217728056 1.4381119496319223 0.30286324123983915 -0.8128366930102706 
-0.7045304983292383 -0.029433850526977785 -0.7090630616292962 -0.0542470190239488 0.9984498817766209 0.012453694522791603 0.7075973698728472 0.04723856500156628 -0.7050350914143368 1.419506202899503 0.26600776194160747 -0.8360714624242942 
-0.7039185417708541 -0.029209255551052943 -0.7096798615864396 -0.05433068103746977 0.9984410118827348 0.012795424517583535 0.7081997342905456 0.047564326766324966 -0.704408099875397 1.399744342693722 0.2905245452486718 -0.8087088182413756 
-0.7037014753805674 -0.028716834474098656 -0.7099151899804653 -0.05390631780066092 0.998460775030929 0.013045674601596037 0.7084478403159876 0.04744917430708147 -0.7041663393042792 1.4029886561195712 0.29241292668319 -0.8146293281547594 
-0.7034403048911286 -0.02839344609458212 -0.7101869821909934 -0.05367010475196907 0.9984709270174686 0.013241138802593574 0.7087250929031574 0.04743016044407758 -0.7038885725522616 1.4047165609457892 0.29342402647099347 -0.8214288517367834 
-0.7031520475284213 -0.027970296662633308 -0.7104891699112618 -0.053206855469103816 0.9984942836218087 0.013349011411374748 0.7090459989222698 0.04718927928222045 -0.7035815115060556 1.4067685252407447 0.29086185729167907 -0.8244986340402857 
-0.7027544356303072 -0.027569330857398468 -0.7108981187188527 -0.0528315692700343 0.998512139309819 0.013503071480009971 0.7094681307080638 0.04704720658024224 -0.7031653659436037 1.4102528753200096 0.2945760398163043 -0.8214345181682374 
-0.7023495671855583 -0.02720338086946688 -0.7113122110181505 -0.052396919395220766 0.9985344221914249 0.013548820492127883 0.7099011539025344 0.046786576794075135 -0.7027455926007238 1.415189075434957 0.2918325254198295 -0.808506700429516 
-0.7019565305656847 -0.026813350078122376 -0.7117148821359399 -0.05195437768281417 0.9985565484119676 0.013622124032955159 0.7103223013785912 0.046538842714078835 -0.7023363612138103 1.4171603098470071 0.2894964894902369 -0.8132863426701158 
-0.7015388176617589 -0.026404163370569424 -0.7121419152601831 -0.051348621958768124 0.9985887362651981 0.013559307770320134 0.7107788730235847 0.046079886729190514 -0.7019045787728899 1.4194622391881868 0.28864949028981135 -0.8147641064330006 
-0.7010571469488112 -0.02588598163501648 -0.7126351048515536 -0.05074494268616244 0.998618409203675 0.013646376489735278 0.7112972848983548 0.045729517319922586 -0.7014021555013328 1.4204974198152467 0.28674734131220836 -0.8322596080374551 
-0.7004307927970564 -0.025515324489258563 -0.7132640974547192 -0.050279293955594224 0.9986419044448998 0.013650614857603216 0.7119471167867838 0.04542372621077573 -0.7007624333510712 1.4247012281098284 0.28673714691347324 -0.8106239621954774 
-0.6998646862068619 -0.025196651956204776 -0.713830897153359 -0.049698386089753 0.9986733664978666 0.013475068381703627 0.7125443785622375 0.0449069680340994 -0.7001884552042684 1.4321765803545368 0.2860290932925659 -0.7823287922060814 
-0.6993394413587971 -0.024914595077882535 -0.714355379844004 -0.04919835392338914 0.9987000382723797 0.013332498864658957 0.7130945713796978 0.04446905111256978 -0.699656083916915 1.4328224377574195 0.28521304152520294 -0.7951062094521517 
-0.698740557116163 -0.024713326170429616 -0.7149481696952503 -0.0496005638111919 0.9986716323769254 0.013955456109321328 0.7136535699557639 0.04521307548930146 -0.6990381676948639 1.4296328105007394 0.3575126931396177 -0.7903377547848116 
-0.6981299764359273 -0.024151544250736234 -0.7155635813202602 -0.04799740727857016 0.9987613156257017 0.013118052605188302 0.7143604026652842 0.04350330240248614 -0.698424425248696 1.4333154690243162 0.28445248373674825 -0.8298163545417222 
-0.6976015207667955 -0.024245811332415074 -0.7160755957695304 -0.04896917600471845 0.998703697828022 0.013890419218065721 0.7148105609357447 0.044755609452532714 -0.6978845158027647 1.4523920454280002 0.3972680524783941 -0.7891261594476447 
-0.6969060951527146 -0.024042332607650284 -0.7167592767322782 -0.04844262501544868 0.9987333709330536 0.013600215671533442 0.715524427689655 0.04419977406596909 -0.6971880473386712 1.4525366401905133 0.3958889495707637 -0.7831502061679135 
-0.6960353117682613 -0.023878103693210445 -0.7176103963402953 -0.04788615420162888 0.9987654035047088 0.01321306163817175 0.716408934204088 0.043560359572581524 -0.6963194195672489 1.4319639410390625 0.40785464805089644 -0.7520831433347268 
-0.6954562188752953 -0.023621336724759745 -0.7181801167388394 -0.04736991462450149 0.9987925531420266 0.013020252551285031 0.7170053966436688 0.043075146423051436 -0.6957354331529247 1.4331586283611812 0.4210024919128824 -0.7783726314187726 
-0.6951827880662178 -0.023425980502409204 -0.7184511915321603 -0.04696136038843537 0.9988137561743422 0.01287288263634635 0.71729737334452 0.04268845176862704 -0.6954582476889968 1.460116491940094 0.4398690307913097 -0.8278047459532711 
-0.6944852581698795 -0.023201248182204218 -0.7191327612252856 -0.04654041149257698 0.9988354171464902 0.012720045278952201 0.7180001506147595 0.042302618554703575 -0.6947562681837407 1.4603803618488111 0.4619255515924239 -0.7973905509952387 
-0.6939048878091367 -0.02292076752694325 -0.7197017751058872 -0.04562396228158713 0.9988844705257398 0.012176559786766374 0.7186198304669289 0.04128502099415968 -0.6941765526875667 1.4744102764899774 0.4627166443903969 -0.7847301524094602 
-0.6932161526205606 -0.022823532365351566 -0.7203682753399927 -0.044940532931074306 0.9989223410287456 0.011597633099974441 0.7193272650510467 0.04041340079748729 -0.6934948037225391 1.4757400120076325 0.46637610967613063 -0.754544364824879 
-0.692372921605993 -0.022557040896084207 -0.7211871583249345 -0.04437454052029545 0.9989504110150662 0.011356781517791924 0.7201740328423363 0.03986547677932107 -0.6926471729392701 1.4529422898031534 0.4847858968599635 -0.8078078539345033 
-0.6915868256178983 -0.022296774242122223 -0.7219491093492358 -0.043673289938523464 0.9989854857256353 0.010983763265031343 0.7209717791825867 0.039126118743269454 -0.6918589743975163 1.4337259587644602 0.4903361555717551 -0.8100961026487647 
-0.6913847615767355 -0.022051252349935616 -0.7221501600978018 -0.043216146930438654 0.9990066124754702 0.010869814845367433 0.7211930921077712 0.03872377176987401 -0.6916509187414901 1.4612784668417285 0.5202532668302355 -0.8038713855808158 
-0.6905183954981903 -0.021613503874579693 -0.7229918408452949 -0.042227276828550334 0.9990532285994311 0.010464392801193769 0.7220811606531843 0.03775583233510061 -0.6907773118411128 1.4481178886174837 0.5214561093843011 -0.7966650816009848 
-0.6898250092231569 -0.02132911388793917 -0.7236618862086266 -0.04156268812731866 0.9990841128447672 0.010172434163746788 0.7227821245755204 0.03709453277694489 -0.6900797026664075 1.4474738804265614 0.5199268638978473 -0.799340372931518 
-0.6893487910729132 -0.02087271509409467 -0.7241288379914956 -0.04080396154583759 0.9991166770851941 0.01004501331037497 0.7232795316946823 0.03647184304145536 -0.6895915629535215 1.459235824747296 0.5241101296911589 -0.815427677519716 
-0.6885171639342248 -0.0203645456443841 -0.7249340661388934 -0.04008943554557837 0.9991459742736485 0.01000795935237115 0.7241111462514638 0.0359528493093328 -0.6887455557032158 1.443925878306045 0.5279574292793084 -0.8344410085514844 
-0.6876264666650974 -0.019930174958444635 -0.7257910377428204 -0.03942968153489852 0.999173113913223 0.009919105151666012 0.7249932017306996 0.03543834870700258 -0.6878437183584587 1.4343215300805543 0.5374932912544231 -0.8372266214917801 
-0.686781326761934 -0.019317453855813696 -0.7266073528307062 -0.03850636239580455 0.9992099939517639 0.009830973601776538 0.7258434192483671 0.03473073514114503 -0.6869826102387128 1.4360077067513894 0.5406357390835316 -0.8293020557520463 
-0.685708342920601 -0.018794750528635145 -0.7276337167845168 -0.037929313152410035 0.9992310480348877 0.009933773043826437 0.7268874986219467 0.03441031815700353 -0.6858939381212404 1.4369599040571872 0.5648044574366993 -0.7784584333087359 
-0.684855585380186 -0.018186463648486584 -0.7284518376073499 -0.03706155869332428 0.9992639844655851 0.009895969744507876 0.7277357130447728 0.03377487068702428 -0.6850255397204478 1.4529963990456556 0.5711962139865927 -0.7742067201737689 
-0.6839796130233474 -0.017397058745955332 -0.7292936523208068 -0.03603294169543331 0.9993010075890342 0.00995607072666875 0.7286106752451583 0.03308834505578521 -0.6841283836680538 1.4475160057597947 0.5742381484718521 -0.7543646653078634 
-0.6828415067704281 -0.01643461361402991 -0.7303816674224848 -0.03414177114368831 0.9993724894964934 0.009432216110397308 0.7297683304273102 0.03137723239769195 -0.6829741233695444 1.416173270656342 0.5132999140149791 -0.8160499338692826 
-0.6822952781392118 -0.015820504830886258 -0.7309055103471527 -0.03406722361778777 0.9993677965428243 0.010170128225139166 0.730282532793926 0.03183895193055252 -0.6824028893813776 1.4381678357003296 0.5644889661219522 -0.8721992307569769 
-0.6810984750544663 -0.015099673488481286 -0.7320361105430676 -0.03339373877631241 0.9993875800529326 0.010455766183436842 0.7314299183715555 0.031566829053367836 -0.6811855913145076 1.4298498860693645 0.5898842888625596 -0.8399048253823278 
-0.6797336712486683 -0.01425717613222278 -0.7333204409393904 -0.03272867143278048 0.9994047620613492 0.010906678474363546 0.7327284423557286 0.03141424036695497 -0.6797956864125535 1.4228184296995465 0.6126396596726335 -0.7826369971922149 
-0.6786140477039301 -0.013381356082477626 -0.7343731432781853 -0.03179358032167918 0.9994320556419105 0.01116845583390409 0.7338066111103232 0.03092742253694722 -0.6786540739036376 1.4188650918428773 0.6226021007073568 -0.800228522969331 
-0.677322204729033 -0.01252979903871341 -0.7355797952071899 -0.030744384057160824 0.999463575645149 0.011284671353631422 0.7350438176258254 0.030258306209421746 -0.6773440935561402 1.399227851552776 0.617452055934843 -0.7979808872240306 
-0.6757156912743354 -0.011583612650154458 -0.7370713157379134 -0.030412006249012358 0.9994633182295894 0.012173142133741068 0.736534734036052 0.030641400612070758 -0.6757053278811508 1.3596310613941052 0.6738307629263324 -0.7887243575621221 
-0.6746056127971424 -0.010669538090642324 -0.7381012316339302 -0.029286497409199398 0.9994951439649421 0.012319020253279456 0.7375971585168244 0.029926880014997975 -0.6745775074818867 1.3742107087866997 0.6741657644766942 -0.7593795969583227 
-0.6734735793836272 -0.009724558279552873 -0.7391473268831272 -0.028172912255649503 0.999524661233493 0.01251952878931385 0.7386742346171555 0.029255504650211796 -0.6734274204102628 1.3869998327001385 0.6717632607759 -0.7356024010245126 
-0.6723867938386319 -0.00879865304172934 -0.7401476765997828 -0.02714396293019141 0.999549880946794 0.012776571359105635 0.7397021054099073 0.028681338948891327 -0.6723229700436013 1.3924129975041581 0.6693920446482909 -0.7463620840235095 
-0.6713235691269767 -0.007859237229321482 -0.7411227279774865 -0.026046554388998076 0.9995762835543166 0.01299347375421165 0.7407065832967054 0.028026518619223284 -0.6712438243403123 1.396004648115941 0.6642164900794536 -0.7677366375428666 
-0.67013479967386 -0.006976378043917611 -0.742206629191268 -0.025228632514576556 0.9995921207067224 0.013383135749209265 0.741810532661488 0.02769336329205351 -0.6700374700433211 1.3935383004275603 0.6619202191391568 -0.8229048169900569 
-0.6690219528205561 -0.006030506004613502 -0.743218177685058 -0.024339218747320895 0.999608524723019 0.013798540931543306 0.7428440139591489 0.02732087660375731 -0.6689068250710727 1.4057417035275606 0.657561609938061 -0.7942779860892024 
-0.667792583219538 -0.005224249571306721 -0.7443290757543961 -0.023572557079692337 0.9996222307742622 0.014132596881406341 0.7439740589225552 0.026983383003329864 -0.6676634606536399 1.4134672031519047 0.6583515679175932 -0.7885208718152238 
-0.6666697035658211 -0.0043946295930114305 -0.7453403206443352 -0.02277855686957607 0.9996356628782421 0.014480291741432956 0.7450051299785792 0.026631348683792765 -0.6665269143649659 1.4204204614473526 0.6584394687664623 -0.7941637741936849 
-0.6655029831510144 -0.00363605434687065 -0.7463863332925431 -0.02214782025964521 0.9996439973205398 0.014877925889022712 0.7460665208108772 0.026432134416263214 -0.6653465929839526 1.4277454400538112 0.6594935738275837 -0.7893466759501447 
-0.6644285949847597 -0.0028957500874105917 -0.7473461425591291 -0.021499752370030465 0.999652675897621 0.015241004519171174 0.7470424370908296 0.02619431621854803 -0.6642600808292165 1.4331234786665519 0.658965363153569 -0.8015834842886993 
-0.6633861395093883 -0.0022294879868110726 -0.7482739199585589 -0.020936718998918746 0.9996593529307518 0.015583064385123704 0.7479842803858858 0.02600398972056521 -0.6632068371286759 1.438156456743155 0.6608697475507089 -0.8148834985173723 
-0.662329808056409 -0.0016716750530106454 -0.7492105384085822 -0.020484415080613428 0.9996640748689443 0.015878480885240107 0.7489323160999034 0.025863930848479707 -0.6621415581145013 1.4459245885868306 0.6631791824292885 -0.8137383876949718 
-0.6612033881478677 -0.0009833087634147693 -0.7502060467669242 -0.019880841096325243 0.9996709084523122 0.016211938546379465 0.7499432189566643 0.02563411590058668 -0.6610053407067997 1.4545496666116144 0.6653666768755019 -0.8124721908396224 
-0.6600079167542275 -0.0004199286013311949 -0.7512585263953516 -0.019347864473397487 0.9996776575041687 0.01643901539925184 0.7510094606341949 0.025385128460332432 -0.6598032928767397 1.4600173838466473 0.6664241664696207 -0.8250343545020467 
-0.6587902734904568 0.0001038708511401417 -0.7523266343585185 -0.018895289413230598 0.9996822544309818 0.016684070659765328 0.7520893188926167 0.02520673296236682 -0.6585789831303491 1.4720167903132773 0.6664190013842053 -0.8116330350944895 
-0.660596495121733 -0.0033105732890439735 -0.7507338481361959 -0.023992543238907132 0.9995725763705795 0.01670396470336096 0.7503576670507287 0.0290465948499962 -0.6603935696429886 1.7137252434751817 0.9348971593759834 -0.8034275878995113 
-0.6593457369335697 -0.002242017670039313 -0.7518365331269128 -0.023294779817091223 0.9995763658423994 0.017448268755807465 0.7514789101636861 0.02901830811864949 -0.6591186428657059 1.713311142899991 0.9331233120876133 -0.8063675401359066 
-0.6555400101332429 0.0013049412370972555 -0.7551593158022191 -0.017872291862095917 0.9996915978300936 0.01724211157342185 0.7549489229730074 0.024799321689957382 -0.655314517881005 1.5001043529975397 0.6637394215980935 -0.8054951420924656 
-0.6544828080499661 0.001675781292272369 -0.7560750265179323 -0.017589300921143303 0.9996931563732896 0.017441605244788532 0.7558722580305068 0.024714061937893526 -0.6542525083500965 1.505243965883428 0.6631080271978446 -0.8177614975862731 
-0.6530130051795892 0.0017314952204223275 -0.7573447147703768 -0.018657404546459637 0.9996571147097363 0.01837264993938039 0.7571168445635795 0.026127666074621393 -0.6527567914189645 1.4851068730342798 0.7459145187724828 -0.8223312495036704 
-0.6521085351409571 0.0020909132626115746 -0.7581227383992938 -0.018278519352473946 0.9996621434623512 0.01847957408976274 0.7579052408623369 0.02590804913508599 -0.6518499972105681 1.5118142053767558 0.7306230659490313 -0.8136353525164143 
-0.6512128052591962 0.002350412962726499 -0.7588915323189167 -0.018142584709639586 0.9996611848923804 0.018664459263949423 0.7586782775897187 0.025922788786446622 -0.6509495219562201 1.534471970932977 0.7309999673018394 -0.7769940811825529 
-0.6499470943454156 0.002652504107186421 -0.7599748277238617 -0.01792252115728532 0.9996622985024144 0.018816806005178557 0.7597680947416249 0.025850593316812345 -0.6496800666773229 1.5206412243781415 0.7235701716434016 -0.8056125320006019 
-0.6490094514478884 0.0028943982428763946 -0.7607748381683787 -0.01779473161567119 0.9996614248665913 0.0189837604394559 0.7605722052889109 0.02585842401439138 -0.6487382079463601 1.5384742351024827 0.71921420929375 -0.8087313528770087 
-0.648035555031592 0.003139093293085078 -0.7616036144269498 -0.017766386078740738 0.9996570803550678 0.019237391239002852 0.7614028335517262 0.025997457361800688 -0.647757560565775 1.5530461988176274 0.7167729408880809 -0.8063277192328125 
-0.6474615405579587 0.0033016706403188757 -0.7620909738799546 -0.01740614190656401 0.9996656902291189 0.01911894355522587 0.7618993238756964 0.025643844285173252 -0.6471876184909863 1.602735978195284 0.6885554633667014 -0.795291693944092 
-0.6462156745739114 0.0034162386383784814 -0.7631471884561656 -0.017651606362243867 0.9996555449990142 0.019421950096638333 0.7629506686069665 0.026021542350321353 -0.6459327802534048 1.5986970721340568 0.6989774585422867 -0.7884975081934417 
-0.6451310919856786 0.0035863636195414142 -0.7640634869887152 -0.017498541982405358 0.9996573606762632 0.019466953389204723 0.7638715043656598 0.025928733901907006 -0.6448472885702383 1.603419020328209 0.6832403675847892 -0.7789408356161716 
-0.6438800098563513 0.0037179892567697752 -0.7651174481498063 -0.017336197641593026 0.9996605796669498 0.019446894643350587 0.7649300550760944 0.025785694014792346 -0.6435970080923767 1.5873468175102592 0.6569095629505118 -0.8213659802837004 
-0.6428904455944207 0.003788851569655914 -0.7659487708503686 -0.017608230927418658 0.9996503928927032 0.019724152531119685 0.7657557216025318 0.026167472045409618 -0.6425989715520395 1.5958616106188885 0.6603540014823767 -0.82164974306948 
-0.6417794821053464 0.0037499577289968316 -0.7668800650464349 -0.01787973493682153 0.9996430593684701 0.01985116961376384 0.7666807754386322 0.02645168564526946 -0.641483356681482 1.6080136281677921 0.6598910301700365 -0.8057349157185986 
-0.6407565203221064 0.003728828340402047 -0.7677350959178005 -0.01812973943974825 0.9996358629620276 0.01998634603946447 0.7675300607875587 0.026725218789940615 -0.6404555944545077 1.6290231684812817 0.6629182064817343 -0.7666356425013372 
-0.6397454456171687 0.0036227631067392747 -0.7685783241801472 -0.018556779394088823 0.9996245795897322 0.020158021196792 0.7683628119258572 0.027158340662191496 -0.6394380453037393 1.6369515813671995 0.663472632399678 -0.7708181128638225 
-0.6388129719933343 0.0036393913921763665 -0.7693534568995827 -0.018821526614360245 0.9996156054159853 0.020356609362517448 0.7691318072664454 0.027484472691462657 -0.6384989168447538 1.6371867368201904 0.6611664201357889 -0.7988759299382389 
-0.6378315986162439 0.0036547653933822147 -0.7701671860684317 -0.01927885298795655 0.9995996360596909 0.02070974207473841 0.7699345281477613 0.028057267850821955 -0.6375057741594438 1.6392380074127877 0.6642713662109291 -0.8247128677127192 
-0.6369057835731629 0.0035991136488595487 -0.7709332456393343 -0.019569958030392964 0.9995913906474081 0.0208343103142255 0.7706932201555585 0.02835662399728462 -0.6365751034102203 1.6572658343769044 0.6661841696104893 -0.7882022125183334 
-0.6358659795238527 0.0035481505770734376 -0.7717913362507085 -0.01989746028679964 0.9995816983407896 0.020988554411345083 0.7715429652056371 0.028702595172304113 -0.6355293965443836 1.6643113593813617 0.6649089780921417 -0.7930812462975788 
-0.6347837259870679 0.003487572255255379 -0.7726819902532603 -0.02037874716992439 0.9995664047864975 0.021253448802021534 0.7724210819790974 0.029237634342747787 -0.6344374144486439 1.671542999993611 0.66921703249081 -0.7900105545958706 
-0.6337664938869814 0.0034906424421016057 -0.7735165458098127 -0.0206796529324555 0.9995559364529656 0.021454180390498852 0.7732479441814223 0.02959299439016403 -0.6334128760155004 1.6782924738979337 0.6650955093783683 -0.7966365449530963 
-0.6327895194804454 0.003492676396695331 -0.7743159724862294 -0.021112587165523035 0.999540224841954 0.021762297352858825 0.7740359698999042 0.030118767147478354 -0.6324248391442502 1.6872427586074392 0.6656469256374813 -0.7839772318549924 
-0.6317622089242806 0.003382862125284521 -0.775154866861426 -0.021665326675898038 0.9995227620447847 0.02201957707112468 0.7748594227310787 0.03070512006499721 -0.6313874172064675 1.6993293536117717 0.6667602974288724 -0.7687405369653929 
-0.630565710585857 0.0033834565808028016 -0.7761284924900768 -0.022220125626072777 0.9995019054555726 0.022409975632317825 0.7758177303017216 0.03137663481390822 -0.6301764484152355 1.7074621044742233 0.6694920520277527 -0.7465528173745701 
-0.6294974813959417 0.003386880475526849 -0.7769951415271593 -0.02276472777232319 0.9994808296468697 0.02279996354947198 0.7766689694365404 0.032040602507595405 -0.629093563554208 1.7120694223359738 0.6665815013939017 -0.7774634302588588 
-0.6283856084604753 0.0033466065881902225 -0.7778948047802497 -0.023454074519864594 0.9994546149690002 0.023246053548594076 0.7775483479939852 0.032852288223369566 -0.6279644047956172 1.71240030046827 0.6698541888657674 -0.7943213919403245 
-0.6272740289038835 0.003248251601174725 -0.778791847366307 -0.02411469429743133 0.9994307976231381 0.023591572251957828 0.7784251885580472 0.03357870789523295 -0.6268386524413243 1.718109661950933 0.6734473409938642 -0.797387839948059 
-0.6262498205048558 0.003180815424172933 -0.7796159597717798 -0.02485873723717698 0.9994017361295272 0.024046060056894244 0.779226029788924 0.03443910908435521 -0.6257960868085282 1.7342813716425234 0.6781448946564707 -0.7791711566733455 
-0.6251394781055831 0.003154331928435462 -0.7805066835741797 -0.02543381981823941 0.9993784466918222 0.024409856560293198 0.7800985538528659 0.03511083134769112 -0.6246706938849793 1.7434905726460908 0.6777659754259567 -0.772486639165918 
-0.6240415389368035 0.003077035399366346 -0.7813851096191541 -0.02615462357395707 0.999349656697149 0.02482336248365492 0.7809533234112592 0.03592764273427028 -0.623555218998661 1.7513841732799313 0.6777446843086048 -0.7768872606710332 
-0.6229939390067986 0.0030572427296429103 -0.782220688314804 -0.026835254733374336 0.9993202022143971 0.025278499749220633 0.7817662189326093 0.0367394435595925 -0.622488387219186 1.764790583947912 0.6802702071445915 -0.7674553341565843 
-0.6218066394192723 0.003036885201877941 -0.7831649127114811 -0.02758810863263461 0.9992869161087488 0.025778975075446166 0.7826847382159595 0.0376355765484885 -0.621279457202375 1.773704566427968 0.6828334778874763 -0.7651770752962305 
-0.6205679529574323 0.003058036902551341 -0.7841467108727326 -0.028221108708757506 0.999257478519278 0.02623091013562066 0.7836446801870544 0.038407551778226495 -0.6200208667302515 1.7827738596075102 0.6845597346875947 -0.773409609130031 
-0.6194376555296065 0.0030207274913586143 -0.7850400410917951 -0.028855608084368184 0.999229241178893 0.02661348258186194 0.7845153566336772 0.03913820101226771 -0.6188730535638608 1.813155623200857 0.6825618465600128 -0.7040983408231564 
-0.6181237226517098 0.0030655150198188545 -0.7860748476531073 -0.029346919858949917 0.99920528138136 0.026973393453353776 0.7855328266787996 0.03974176993114829 -0.6175425247970824 1.8238299661260526 0.67763576272214 -0.6955226657901772 
-0.6167974549104722 0.003036232728001808 -0.787116053010473 -0.03006620722197716 0.9991718883260262 0.027414608556171963 0.7865474701499264 0.04057485514237136 -0.6161953897352094 1.823460528387477 0.6797858750364842 -0.723754722143902 
-0.615431030557156 0.0030830129005616196 -0.7881847129060624 -0.03078881738783195 0.9991350853405043 0.02794870239352567 0.7875891666035129 0.041467773910328264 -0.614803812915719 1.828230205782437 0.6803456679786729 -0.7341911897741789 
