0.846593192875799 -0.01049880849030043 0.5321369568040207 -0.09778573366303636 0.9797183440324282 0.17489973315685325 -0.5231805769219094 -0.20010432625668229 0.8283962473025921 2.905322072374179 1.2154211330594622 5.424624728388179 
0.8475810311151734 -0.010635015178116485 0.5305594143410339 -0.09857445877453933 0.979243231782997 0.17710383701235352 -0.5214302175469372 -0.20240945990578815 0.8289396472419455 2.8840444555863916 1.2243668310290192 5.399957145505156 
0.8485860362805967 -0.010484092526303848 0.5289535167039594 -0.09952032629950691 0.9787920989303993 0.17905790048099834 -0.519612782447493 -0.20458766061354566 0.8295459272649411 2.8618974934459342 1.2295324157494427 5.374523084416333 
0.849594698644568 -0.010488854343705771 0.527331804435881 -0.10027630690120046 0.9783544846118865 0.18101702879581894 -0.5178160969970922 -0.2066699938896951 0.8301529999441859 2.840179833960476 1.2346910854765742 5.351613860646962 
0.8506484965986848 -0.010683401361087183 0.5256262932633368 -0.10075912102640713 0.9779469988026191 0.182940610753698 -0.5159890839585496 -0.20857979880206068 0.8308126941539282 2.8176641082693075 1.2375011421533046 5.328169141778864 
0.8516979723003624 -0.010850166974652624 0.5239206407998003 -0.10125086761935195 0.9775389229758246 0.184840244193718 -0.5141583664453779 -0.21047548062396007 0.8314693297231915 2.7954293767485443 1.2391411745133145 5.3056394446085084 
0.85266465017254 -0.010641371574180457 0.522350223085202 -0.10214389995015488 0.9771036708685541 0.18664147469994202 -0.512376441738994 -0.21249747665846896 0.8320548085100349 2.7722570925154293 1.2395931379663794 5.280442765430294 
0.8537768628235021 -0.010644768678106917 0.520530265601385 -0.10261853060084053 0.9767376496494705 0.18828967293654875 -0.5104258082077975 -0.21417341725110922 0.8328236557989926 2.7491349406694945 1.2390170128675382 5.258030951663417 
0.854896041240524 -0.010846436786305959 0.5186859487978452 -0.10291630389017636 0.9763666021815356 0.1900433964600399 -0.5084889311134169 -0.21584858802763504 0.8335756678200312 2.7265476150878727 1.2397089983586722 5.234579615711158 
0.8560954932487618 -0.01110537955493459 0.5166983423469637 -0.10305235272882943 0.9760242725972841 0.19172071327322793 -0.5064392550308597 -0.21737821842558924 0.8344255455808532 2.7030351177224934 1.2414860091519673 5.211547417503701 
0.8572706825278843 -0.010930158170900664 0.5147499475672965 -0.10356539143899422 0.9756788992224229 0.19319651991743808 -0.504342330738025 -0.21893199230464294 0.8352889297550019 2.6791188005887947 1.242866134620522 5.186827630259843 
0.8585119868693114 -0.011065503095089406 0.5126740904736262 -0.10367925251445817 0.9753736391562497 0.19467120135535473 -0.5022029281075038 -0.22028122634565664 0.8362226978023874 2.6543527153257425 1.2464379393466565 5.163210470819551 
0.8597624696901882 -0.011021448717162027 0.5105751887630294 -0.10396611590965449 0.9750533434382153 0.19611737351040107 -0.4999995424546791 -0.22169687665398638 0.8371684134192945 2.630411009941688 1.2515463748404332 5.137502222056927 
0.8610260780858437 -0.011018613255804104 0.5084414253559888 -0.10413708816928621 0.9747607285242514 0.19747655302463873 -0.4977846519567802 -0.22298007150593002 0.8381469608532132 2.6076064864920125 1.255633868846785 5.112785797451513 
0.8622689472281594 -0.011097105826786795 0.5063290598892293 -0.10413291227527952 0.9745136154787917 0.19869461449048545 -0.495629497938844 -0.22405371563248574 0.8391372553308348 2.582952065812543 1.2613980316268774 5.089132191473247 
0.863618864189652 -0.011057598327335903 0.504023994404043 -0.10416303562844917 0.9742736637539595 0.19985217067648542 -0.4932671886761189 -0.22509677393216443 0.8402493218925501 2.5586377603303583 1.265229250601918 5.063777863950249 
0.8649703512815959 -0.011124528553600938 0.5016996474667414 -0.10405725030675367 0.9740485497912678 0.20100127190673628 -0.4909158584344064 -0.22606562656447404 0.8413655284260353 2.53551620518211 1.2681545943243344 5.041355403809978 
0.8664626419532577 -0.011189187082929833 0.4991165116401219 -0.10380416162677249 0.9738616116566802 0.20203528743864618 -0.4883310210588138 -0.22686639996675728 0.8426532207484759 2.5121010023991635 1.2700537384946478 5.0182580884820585 
0.8678567911758417 -0.011362154152786907 0.49668449891553873 -0.10344042948098678 0.9736964052022279 0.2030157334913914 -0.48592660717310027 -0.2275658409104208 0.8438537316928643 2.4872712705653526 1.271178977732789 4.997934507375531 
0.8693140549244778 -0.011318791374932677 0.49413050793547725 -0.10325420900823234 0.9735202797215304 0.20395301736673938 -0.48335457195814985 -0.22832027928487642 0.8451261490655877 2.463332191537087 1.2683191424651776 4.976615945588404 
0.8708351617008856 -0.011443515117250877 0.4914419264848633 -0.10278897373679383 0.9733900016305493 0.2048080359844697 -0.48070838147834416 -0.22886885040878843 0.846485972293121 2.438677161465128 1.2646132808203348 4.956304631494356 
0.8739345026075578 -0.011586088702013768 0.4859055954613712 -0.10181610655269255 0.9731712586360426 0.20632785030429485 -0.47525989268875973 -0.22979004311181506 0.8493082894262476 2.389907283266956 1.2499101184226151 4.918436181722864 
0.8754482514858901 -0.011582710852848066 0.4831730536563447 -0.10132293431202345 0.9730987896899421 0.2069115958238472 -0.4725717109103115 -0.23009690635310384 0.8507240397061975 2.3653720972203893 1.241378412475814 4.900007846587183 
0.8771124044952406 -0.011565151757905075 0.4801458915219353 -0.10081316186332476 0.9730054916056605 0.20759821699703004 -0.46958549410698003 -0.23049199675920098 0.852269266813171 2.340466801322017 1.2325113629329632 4.881553404591189 
0.8787406402730599 -0.011751805833441611 0.4771548828128514 -0.1000462649251109 0.9729538064754681 0.2082105553026355 -0.4666965095295093 -0.23070064049445205 0.8537983265786027 2.315684190485253 1.2248245060795637 4.8646181732746765 
0.880474370842166 -0.011767502369233546 0.4739476850645884 -0.09938886392421807 0.9728959376114579 0.20879499109647165 -0.46355877299210446 -0.23094376039874404 0.8554403798716438 2.291064792008924 1.2180707735801415 4.845257226621005 
0.8821652797722285 -0.011655747954995195 0.4707956698016621 -0.09887079554253778 0.9728301959481305 0.2093465443715465 -0.4604443342611262 -0.23122619529614682 0.8570446089065006 2.2658688928292383 1.2121782366132476 4.823051161269426 
0.8838704913383147 -0.011806094685777521 0.4675826885906242 -0.09809091497535555 0.972772024972327 0.20998276079368083 -0.45733043517861754 -0.23146317970577757 0.8586464170424444 2.24052792506281 1.2089871656375477 4.801180438835465 
0.8856525446456313 -0.011752992095106024 0.46419978170991266 -0.09740534103156936 0.9727357485390716 0.21046938744780838 -0.4540173671802014 -0.2316182866073929 0.8603610867582365 2.215252094594227 1.2069566896213872 4.782946135061225 
0.887490991242737 -0.011832650900729116 0.4606731258014143 -0.09649338217123953 0.9727375583759952 0.2108807002119031 -0.45060932930881414 -0.23160662964899972 0.8621540473966888 2.1885816550756294 1.2065335035315194 4.763760664467842 
0.8892818480020861 -0.011899058329175573 0.4572047760302527 -0.09555704986757443 0.9727652309393329 0.21117920280215186 -0.44726574319368634 -0.23148697131032098 0.8639254233317677 2.1620828181876934 1.205351415964729 4.746766559262671 
0.8911796706041866 -0.011658166836716256 0.4535006966343279 -0.09491107748593314 0.9727549577040239 0.21151756341425157 -0.44361095801645 -0.23154239224869824 0.865792953609278 2.1360605922676177 1.2023164663894896 4.7229920438600885 
0.8930025021822047 -0.011902330759851351 0.44989428271406684 -0.09379886235513134 0.972775579714589 0.21191848652684525 -0.44016849559822513 -0.23144331062579593 0.867574601662224 2.1060129048959966 1.202712756150218 4.710346446081378 
0.8949738303367463 -0.011785505834597546 0.4459629411336725 -0.09294717129633215 0.9727877702107238 0.21223754963827227 -0.43632862198162414 -0.2313980466224174 0.8695241673806119 2.07867460867268 1.1989441187070204 4.687310680579493 
0.8968763092174342 -0.011815040641579663 0.4421236148173395 -0.0919624343596518 0.9728134454742701 0.21254860849021362 -0.4326150675036182 -0.23128857541849573 0.8714067926346011 2.0495880156696136 1.1959422657904903 4.668212705583399 
0.898793732670759 -0.011651175159288901 0.4382169282777332 -0.09111467158056746 0.97285044389985 0.212744284122113 -0.42879825411786565 -0.23114122073155313 0.8733302888049846 2.0208546780797696 1.189211603968999 4.645396772186871 
0.9007659710533993 -0.0116049766471404 0.43414973213080066 -0.09006434036688991 0.9729206646449938 0.2128703711205962 -0.4248636016258672 -0.2308477957957638 0.8753286326801687 1.9898058649183898 1.1804850314540682 4.627413126876133 
0.9027784679978796 -0.01162833718543349 0.4299486242491109 -0.08887087822455288 0.973019217203285 0.21292151125873415 -0.42082419693144785 -0.23043086756641007 0.877387377701317 1.9607057239582322 1.16894026751528 4.607363944952467 
0.9047683299900667 -0.011497283628490104 0.42574884793285306 -0.08788382225081866 0.9730825356312666 0.21304180959617114 -0.41673817059824514 -0.23016991836161121 0.8794038354748273 1.929999756388157 1.155491541734549 4.5863104816383435 
0.9067914268406595 -0.011370280005389886 0.42142617970515306 -0.08681106300807417 0.973177045303465 0.2130499421117632 -0.41254472187593083 -0.22977631563548168 0.8814815353853389 1.899186458722418 1.1410934985069767 4.565183718025725 
0.9088593850442332 -0.011430537937624344 0.4169459929289101 -0.08548127793992139 0.9733023572381586 0.2130151931586145 -0.4082493960054028 -0.2292419337667096 0.8836178848711266 1.8670252530955525 1.1269986886776435 4.544925198942549 
0.9109174422905133 -0.01123290478507765 0.41243573460722194 -0.08437985219952324 0.9734289954824499 0.21287562400804644 -0.4038681144553208 -0.22871338527536583 0.8857656199707606 1.8369448854366868 1.1116012154845312 4.520563928561907 
0.9130452229502476 -0.011290333805366981 0.40770203483708073 -0.08285930091207627 0.9736361566901867 0.21252522353340617 -0.3993529229892963 -0.22782704569064152 0.8880383325914369 1.802268307945092 1.0990517594602849 4.501986093210546 
0.9151463837084919 -0.011224640116411541 0.4029653878927156 -0.08152835249192068 0.9738022866096095 0.21227867140588794 -0.3947913678453758 -0.22711916266170243 0.8902565146218389 1.7683318009830966 1.0869002745720002 4.484218145342477 
0.9172776072238961 -0.011080313694251484 0.3980942324802518 -0.08015472233821974 0.9740204007143748 0.21180056534176603 -0.39009872054710293 -0.22618904845426488 0.892558963086959 1.7348222637678576 1.0764337329395608 4.462987086082223 
0.9193897290984453 -0.010992143939176115 0.39319422528809844 -0.07875731435451525 0.9742234852134843 0.21139036471456332 -0.38538268184228464 -0.2253170513523388 0.8948253544161208 1.7005784326768296 1.0673815172653467 4.44386387643248 
0.9215313152348449 -0.010761415215977427 0.3881549007601041 -0.07737997787296175 0.9744774749441509 0.21072728786479367 -0.38051593142195356 -0.2242272123740136 0.89717879108072 1.6672650741848376 1.0592985194130418 4.422051027513757 
0.9236721851872982 -0.010691653806530747 0.3830344408146645 -0.07574996587604371 0.9747889273262713 0.20987732090884806 -0.37562166734774455 -0.22287268944619185 0.8995755261888363 1.6323097906492436 1.05273979630347 4.402653000329294 
0.9257744812569295 -0.01044936664121978 0.37793176710917065 -0.07433366157708046 0.9750765405667632 0.20904603988810097 -0.3706967987587796 -0.22162254121174316 0.9019242388453934 1.5993511612743665 1.045020128343694 4.384582952646534 
0.9279595331309124 -0.010267176932643167 0.37253951461461493 -0.07273579478331957 0.9754078909800804 0.2080599682087606 -0.3655141707631839 -0.22016818864592008 0.9043922598517065 1.566555132912745 1.0369018351520956 4.364868830968541 
0.9301183137594934 -0.010105186561753573 0.36712097136195965 -0.07112739430339358 0.9757387437917742 0.207062303771739 -0.36030655862585437 -0.21870479891443284 0.9068337194563242 1.5338189623893723 1.0288193904899232 4.343938009586238 
0.9343418791827366 -0.00972893967483712 0.3562451410729355 -0.06785799230669498 0.9764819342992375 0.20464194307942848 -0.34985789355876595 -0.21537961769866457 0.9117077791675358 1.4671463647003267 1.0064924410007914 4.304711238668413 
0.9365384509630732 -0.009493734895076704 0.35043629787085323 -0.06615871156656722 0.976884259927473 0.20327362738389154 -0.34426552942683525 -0.2135579820650481 0.9142615782940708 1.434879049933389 0.9916705345054091 4.283828557204639 
0.9386729169913252 -0.009307094515839855 0.34468323559272507 -0.06437201636672799 0.9773310395522479 0.20169353642743273 -0.3387468057648345 -0.21151221505954607 0.9167950613221724 1.401779493715127 0.9747340921387015 4.2663772971782965 
0.940791608353271 -0.00903506539175429 0.3388650428200468 -0.0627053646111206 0.9777548585474394 0.20015862168755838 -0.33313538824485733 -0.209556207687206 0.9192970188783953 1.367697135389619 0.9547095755490452 4.247929393560533 
0.9428987019140054 -0.008869115440600098 0.3329615243841019 -0.06090749252342263 0.9781989220552528 0.1985375184806403 -0.3274634564090974 -0.20748062001363568 0.9218022982371895 1.3356951565999668 0.9340865227345 4.227648997118912 
0.9450450741071843 -0.008629117662125686 0.326826171280881 -0.05907734034951669 0.9786888682758618 0.1966671476636102 -0.3215581996512823 -0.2051673400940951 0.9243953087265967 1.3030513109216397 0.9122959767721459 4.207167007423158 
0.9471375678489471 -0.00852378919053207 0.32071447205733733 -0.05716948771219195 0.9791640722496961 0.19485730494420114 -0.3156930110786534 -0.20289175595185535 0.9269157772542584 1.2719132273423877 0.8911007289897243 4.183932660256184 
0.9492092551149262 -0.00823349128432867 0.314537755484835 -0.05537951953221097 0.979680279855108 0.19276840529349906 -0.30973359330325867 -0.20039650417182467 0.9294656219006507 1.2375922468924385 0.8703356474457962 4.163953780306412 
0.9512409052190353 -0.008131349002567501 0.3083417282844941 -0.0534184837086248 0.9802042791428871 0.19064636568328402 -0.3037880936382164 -0.19782176905834076 0.931976041457229 1.2031719219173478 0.8518102496384196 4.144940203429532 
0.9532529244094738 -0.007785614965364642 0.302073246588302 -0.05167130196891899 0.9807442663330219 0.18833682753975522 -0.29772292262710104 -0.19514114956747025 0.9344950471178879 1.1724300746043153 0.832427705457808 4.119447080307816 
0.9552336028581074 -0.00749758040665072 0.29575758698428234 -0.049905398640593734 0.9812702821864956 0.18605935742165414 -0.2916131258315423 -0.1924900506147817 0.9369681772915641 1.1381266659057703 0.8166536695203773 4.098383966237533 
0.9572316982208855 -0.007265614014249695 0.2892311995171951 -0.04804534665260536 0.9818125208746429 0.18367312955032333 -0.2853053111776761 -0.1897139549605532 0.9394729877474044 1.1080702475901305 0.8007148603665993 4.071398491156567 
0.9590739720455609 -0.007145465545868986 0.28306546675086225 -0.0461156360642295 0.9823927826764514 0.18104631632709375 -0.2793751317765098 -0.18669055377107693 0.941857830501773 1.0726739762805184 0.7871654888511083 4.0542680772065385 
0.9609730305062277 -0.0069965806236168375 0.2765535797982987 -0.0442033319296468 0.9829526009680292 0.1784663825388519 -0.2730877150037954 -0.1837259701560005 0.9442816676205475 1.0422530532922332 0.7738087067843595 4.03058932039022 
0.9628374157687972 -0.006777522607410158 0.2699966221695567 -0.04235977283990985 0.9835233664762547 0.17574822115789931 -0.26673912431552965 -0.18065395866828024 0.9466860022081576 1.0109254422519536 0.7584846618165125 4.008106634602908 
0.9646430091764336 -0.0066122320760193115 0.26347702600797634 -0.04052104251385818 0.9840787351966618 0.17305226969713064 -0.2604264002758267 -0.17761002595774597 0.9490167378495827 0.9791665223940104 0.7442626026977827 3.9876696007969588 
0.9663952470338862 -0.006362634924172442 0.2569819903945326 -0.03878588675360335 0.9846398353339363 0.17023527737309757 -0.254117849627 -0.1744818373080147 0.9513044764693209 0.9476575310242241 0.7282181005493755 3.9660168637469155 
0.968093542095194 -0.00613259439005619 0.25051404160171886 -0.037049546766239116 0.9852107779902298 0.16729331730915714 -0.24783507588313025 -0.17123701182259965 0.9535489819322707 0.9166732554037038 0.7113715813723452 3.9480352545907382 
0.9697771393494388 -0.006073087514439565 0.24391682517460989 -0.035142000379744985 0.9857902673103398 0.16426377776466372 -0.24144842058818533 -0.1678709816622599 0.9557834449870013 0.8862729349137182 0.6916487732574299 3.9269886985263893 
0.9714198592363674 -0.00589962962826013 0.23729444041410983 -0.033362757462842375 0.9863737831518671 0.16110147834563462 -0.23501145396697523 -0.16441397228010393 0.9579862536714217 0.8555146080975279 0.6700720644466225 3.9057925256813144 
0.9729821063389062 -0.005700203893922142 0.23081015666532784 -0.03167640923876766 0.986945901841455 0.15790627579705402 -0.22869723619240262 -0.16095121780814486 0.960100140424962 0.8241902099699293 0.6465782562138735 3.885539971273958 
0.9745278718429081 -0.0054296087486166815 0.22420068320629508 -0.030064284515705027 0.9875203726380912 0.15459512418341068 -0.2222421332643549 -0.1573976904962788 0.9622028898462872 0.7934584866828354 0.6218820456426031 3.861579706945998 
0.9760120549071228 -0.005241037671923014 0.21765339464409206 -0.028459758595233538 0.9880608160444178 0.15141289885059397 -0.21584835143377035 -0.15397517761561655 0.9642101087737894 0.76225470856357 0.5981304519421684 3.84188257442066 
0.9774740399790148 -0.00505610716670153 0.2109951111931796 -0.02679951276293896 0.9886474062568419 0.14784482479034602 -0.20934728869219316 -0.15016904435314846 0.9662416731001047 0.7309350562263173 0.574997140662814 3.8161836626443537 
0.9788612072705354 -0.005002731287171283 0.20446444576145387 -0.025124454534908365 0.9891880088571512 0.1444847566961578 -0.20297659639769675 -0.14656758104332945 0.9681520776726731 0.7016497112899087 0.5520705501430656 3.788662126060645 
0.9802071004968586 -0.0048849672716744594 0.19791457053561246 -0.023560866311972448 0.9897124286013833 0.14111766101583859 -0.19656786541591842 -0.14298757207081472 0.9700080559042399 0.6721268421081708 0.5316656064254711 3.763694559628869 
0.9815309793309356 -0.004813113587455368 0.1912427006482833 -0.021991080622693567 0.9902175765249915 0.13778803835608813 -0.19003507304363804 -0.13944886187619773 0.9718233820683326 0.6427221416247664 0.513336077442244 3.7378156277866936 
0.9827603834312026 -0.0046422149056221974 0.18482553557050926 -0.020574631150743608 0.9907292739424807 0.13428399125143684 -0.18373544380757464 -0.1357717039525362 0.9735539692768236 0.6122184971944027 0.497163410925437 3.7096197240957136 
0.9839517144009157 -0.004502927566326027 0.17837810227388157 -0.019198128350694597 0.9912069581317825 0.13092057905069432 -0.17739914203662088 -0.13224405390969857 0.9752133379985117 0.5843151599369413 0.48223273354574836 3.6835062018831266 
0.9850907178734815 -0.0044178637997781415 0.1719789523138096 -0.01781033139923503 0.9916797089430277 0.12749175254157163 -0.17111127857320924 -0.12865394416852727 0.9768157927649015 0.5572971211910046 0.4690029063283544 3.6547835894036123 
0.9871746577567339 -0.004100618698194093 0.1595912905178963 -0.015431844663982279 0.9925375899798445 0.12095863196675463 -0.15889636010035688 -0.12187008411950037 0.9797446755882696 0.5046039713129122 0.44234425883600453 3.5965927998575933 
0.9881819736582634 -0.004212819501948847 0.15322740971739726 -0.013996270622166018 0.9929666524391878 0.11756415930199313 -0.15264498467204948 -0.11831939526365626 0.9811727826223638 0.4809383240796247 0.42985614859709426 3.5667393728534003 
0.989090771040033 -0.004001163453370703 0.14725297054542733 -0.013017739010473615 0.9933459349197185 0.11443073035476804 -0.14673099575239126 -0.11509928005634897 0.9824572105776526 0.45684051550856425 0.41602120979035656 3.5395369035746334 
0.9899545667109114 -0.0040707447121751394 0.1413272262718691 -0.011789858704120526 0.9937272823005585 0.11120740822122849 -0.14089341744719186 -0.1117565096494803 0.9836968676736838 0.43301954003629217 0.40097614684381827 3.5128382288872295 
0.9907829661533241 -0.003963574817077136 0.13540090123441012 -0.010795599698030834 0.9940819080742223 0.1080953979902633 -0.1350280304513879 -0.10856081297679643 0.9848766323140357 0.4113123105254532 0.38392186926500066 3.4827097265330598 
0.9915453585533974 -0.003933716558154056 0.1297009167479346 -0.009783297046494856 0.9944291534256503 0.10495211248967139 -0.12939122470289321 -0.10533368260525545 0.9859831267718027 0.3896729945499213 0.3661163184913659 3.4572638132920734 
0.9922653499877998 -0.0038977898064111983 0.12407369764867236 -0.008836637052120525 0.9947533196315242 0.10192029693673196 -0.12381998650944127 -0.10222837334462268 0.9870248075018754 0.36893610926296755 0.34704610060502716 3.4322036912829628 
0.9929579355794069 -0.003923964919682683 0.11840245212490919 -0.00786493286124377 0.9950628227054366 0.0989349367037596 -0.11820609544761404 -0.09916945784261345 0.9880246644847646 0.3498471192473107 0.32630699704775123 3.405461821998935 
0.9935793165238029 -0.003999401207930406 0.11306700034081871 -0.006897443553105676 0.9953747967574204 0.09581982703259279 -0.11292726441619141 -0.09598447150504233 0.988956224603179 0.33050337939172414 0.30668139112454973 3.377924129051217 
0.9941757840379801 -0.003807635207029869 0.10770335346031609 -0.006269199082677706 0.9956400312054363 0.09306785376326027 -0.10758813863679095 -0.09320102024853608 0.9898173378201165 0.3130057800803204 0.2870809654642547 3.3486910108354224 
0.9947261524444613 -0.003858818099489553 0.1024938591619694 -0.005425891756173049 0.9959129751238118 0.09015489825122164 -0.10242285556304737 -0.09023555564694488 0.9906397443851112 0.2961005120219118 0.2683334342867622 3.320699787903202 
0.9952431868662323 -0.0038960371056110605 0.09734382307685364 -0.004661095560148585 0.9961514649262799 0.08752447151171934 -0.09731019054819103 -0.08756186281765772 0.9913947987534414 0.2806005138226289 0.2521723131128715 3.2913646826776697 
0.995711546130552 -0.003898515934682861 0.09243007343831612 -0.00396131333308767 0.9963986477634161 0.08469972096714859 -0.09242740339846504 -0.08470263460331534 0.9921101948837511 0.26564246750463305 0.23924597443795312 3.263294786479489 
0.9961512033582923 -0.003919582344910972 0.08756378773253062 -0.0032785424403997624 0.9966343708875833 0.08190959604941017 -0.0875901319058986 -0.08188142426553482 0.9927856773508342 0.25159110867799267 0.22773037496814041 3.2362345372989036 
0.9965603816975058 -0.003933396907041183 0.08277640980190716 -0.0026591532180959675 0.9968407038065797 0.07938224070007964 -0.08282713646555868 -0.07932931124858182 0.993401492772052 0.2387884549128266 0.2175060423264515 3.207121658297391 
0.9969308300618387 -0.003948245474611174 0.07818779591397529 -0.0020763657399821434 0.9970426426011381 0.07682224638900531 -0.07825987974388324 -0.07674881232052666 0.9939743512937653 0.22599265581581193 0.21060406809392926 3.181722317202386 
0.9972784666109288 -0.0040474026303995445 0.0736157494433221 -0.001436252772861699 0.99723600437371 0.07428518532473578 -0.07371293788831774 -0.07418874653682543 0.9945161801977722 0.21418207475751797 0.20347140723520146 3.155354708639282 
0.9975946288969184 -0.003979418708049937 0.06920347262071137 -0.001009438427549507 0.9974109220393645 0.07190572738416391 -0.06931044243171812 -0.07180262406995121 0.9950077616514299 0.2025163393555166 0.1983525497586896 3.1256515753623106 
0.9978795888442749 -0.004021184351556573 0.06496272965625538 -0.0005063332688850725 0.9975798894981193 0.06952774766624456 -0.0650850965628979 -0.06941321304572318 0.995462573912283 0.19103247901481255 0.19264614890393922 3.0987004393430504 
0.9981554634897382 -0.004125829755439683 0.060569367129063904 3.759117836564085e-05 0.9977298617793499 0.06734331073434682 -0.06070971332900121 -0.06721681666509216 0.9958896677167215 0.18113551215603219 0.1862520468858014 3.0712783021208554 
0.9983977368107957 -0.004141395299586184 0.05643410295250155 0.00046456030395226303 0.9978844616332598 0.06501065616207105 -0.05658394926836559 -0.06488027493677567 0.9962875120211652 0.17085524349489223 0.17929335297072285 3.04306772027549 
0.9986175922212169 -0.0040547410846311725 0.052406713129482106 0.0007528993353102826 0.9980213810061629 0.06287094875331825 -0.05255794563041936 -0.06274457848522122 0.9966447612975357 0.16105094622135235 0.17008261237184127 3.014923302047352 
0.9988172398363254 -0.004160113904096 0.04844393520399817 0.001213581394715907 0.9981556332032857 0.060694803111519466 -0.04860708411273634 -0.0605642250578067 0.9969801031200195 0.15170582459358345 0.15884897952221363 2.989010936043478 
0.9989908970756451 -0.004176451178677807 0.044718506410099126 0.001549527187278527 0.9982792948902733 0.05861781605343748 -0.044886373494567824 -0.05848937210238171 0.9972783998591243 0.14302007435148764 0.14638779475625663 2.96008398340547 
0.9991529764973299 -0.00406790396629364 0.040948525173041615 0.0017413142829845625 0.9983901108344059 0.0566935129678041 -0.04111322635228332 -0.05657418797812047 0.997551534444974 0.13458602316388396 0.13229754566543073 2.929116499797656 
0.9992946625296721 -0.0041100249750962384 0.03732673484799918 0.0020637089387513493 0.998500939243796 0.05469566193651393 -0.037495580341219796 -0.054580051520325495 0.9978051410124693 0.12600825986347414 0.118378730789794 2.8994323322283577 
0.9994206140402384 -0.004113268186174436 0.03378634718730664 0.002324478684515601 0.9986016732621474 0.05281377620360532 -0.03395634006011028 -0.052704640999326424 0.9980326586774875 0.11880690111407832 0.10545082578877532 2.8683772114560826 
0.999529916604552 -0.00406781591663287 0.030387475811022514 0.0025183571008500524 0.9987028536912742 0.050855362612196475 -0.03055492906242278 -0.050754929835177404 0.9982436242758661 0.11187659570024912 0.09355428702479376 2.8385049784247967 
0.999622536595869 -0.004162138099656506 0.02715623199341048 0.0028262266010813217 0.9987924359199816 0.04904775624051432 -0.027327582638057898 -0.04895249284223387 0.9984271914725135 0.10404250284803046 0.08327557689715215 2.808632031447053 
0.9997068444064329 -0.004020988975847094 0.023875864268928428 0.0028878544405791266 0.9988762876866008 0.047305625396618145 -0.024039250064471742 -0.04722280746727425 0.9985950735464533 0.09860201467801104 0.0764781818433934 2.7755557811108935 
0.9998330572595779 -0.004042455855332739 0.017818983181517555 0.003259365801067874 0.9990368003212206 0.04375897780470266 -0.017978713678690937 -0.04369359397663824 0.9988831942223596 0.08863852046448673 0.06969015962747613 2.7097772651718026 
0.9998813537168653 -0.003963045808049421 0.014885320193141613 0.0033334595393205474 0.9991084732566938 0.04208499393106809 -0.015038834290887057 -0.04203038109036875 0.9990031434027471 0.08416245443741191 0.06900618744075784 2.6779336450967297 
0.99991767228891 -0.0039834754251200435 0.012197564013585824 0.0034877239998256527 0.9991775632191282 0.04039842745437094 -0.012348458431281996 -0.040352559807557385 0.9991091964802188 0.08015086005139446 0.06855996468745693 2.6469648759679107 
0.9999472675133356 -0.003991808642360472 0.009461905536215195 0.0036208182051639176 0.9992362824643144 0.038906830793858774 -0.009609987936445968 -0.038870519300101714 0.9991980438637786 0.07745558974271864 0.06825285755380862 2.612985820968856 
0.9999690929113548 -0.00398047348162519 0.006780048149109753 0.0037242632388353966 0.9992937642971539 0.03739120886187009 -0.006924094552360418 -0.03736480252438399 0.9992777033672591 0.0744805963847203 0.0676343057530678 2.5783164769096114 
0.9999828540205947 -0.0040586458899376735 0.004221262650680441 0.003904258098921354 0.999345585631806 0.03596049564341155 -0.004364451113593169 -0.035943398166602254 0.9993442968740625 0.07116440553385332 0.06580856045756815 2.5480335633767335 
0.999990044452733 -0.0041117582840965285 0.001733331830416131 0.004049498555142794 0.9993961507933405 0.034509931047547696 -0.0018741816542338107 -0.03450256835755512 0.9994028518169534 0.06953012341556164 0.06125909667532698 2.516129259096624 
0.9999914344911298 -0.004083173399472037 -0.0006772291799590703 0.0041033845657961 0.9994416930127306 0.033158173999061756 0.0005414605041278821 -0.0331606689141928 0.9994498871167508 0.06796849147592172 0.05379396950989588 2.4848119588401167 
0.999987193135522 -0.004088307071224233 -0.002983171170354412 0.004180685047575278 0.9994903696255003 0.031646846579298706 0.0028522688290615722 -0.03165891298152967 0.999494661212032 0.06691852048240665 0.046312028925245455 2.456105276785455 
0.9999771735510835 -0.004217136524556393 -0.005279027971082888 0.004374747196027656 0.9995340203392302 0.030209332522685945 0.00514917117185584 -0.030231737363714564 0.9995296534331607 0.06694159229975606 0.03588912950101823 2.42613700561285 
0.9999642693230509 -0.004046181921525857 -0.007422162021597131 0.004260556713166372 0.9995674734117765 0.02909834623636369 0.007301214536692813 -0.029128929074981887 0.9995489971768438 0.06816310358901206 0.025674211214408924 2.3932118582921817 
0.9999466741336174 -0.004121785187003914 -0.009468884622249539 0.0043838321134907375 0.9996032654776209 0.02782253874968256 0.009350449460748185 -0.02786256508918472 0.9995680299817181 0.06972719520039801 0.014987266804040892 2.360603307002994 
0.9999263194548331 -0.004064289168813582 -0.01143840963872395 0.004367735905074844 0.9996358161671444 0.026630019130871492 0.011326011856541049 -0.026678016969020134 0.9995799141969721 0.07154625900378314 0.005836784140141909 2.333089630741454 
0.9999027282009598 -0.004055474933688126 -0.013344933845458483 0.004392442409326976 0.9996697746116915 0.02531892923270308 0.013237846726646364 -0.025375083268279298 0.9995903483743577 0.07438727122445228 -0.002868555197588472 2.301473837369512 
0.9998773051733882 -0.004085898847485469 -0.015122170142251293 0.004451064382319732 0.9996973893038771 0.02419334298679535 0.01501874245959109 -0.024257684341675977 0.9995929182048621 0.07826090866783782 -0.009110103071669711 2.270747395554038 
0.9998507005004164 -0.004081437206489818 -0.016790431178387525 0.0044698633266447565 0.9997217399034313 0.023161672787108734 0.016691226158308547 -0.02323326569351493 0.9995907254144302 0.08192305132926893 -0.012943090323453942 2.241129341746341 
0.9998224876857008 -0.00407797381452245 -0.01839465268888696 0.004483809045083593 0.9997462481581729 0.022075659675398988 0.0182999610497928 -0.022154219084067926 0.9995870657438256 0.08658375599322424 -0.014132848291887523 2.208768413951706 
0.9997962321675354 -0.003926545820506705 -0.01980091870391562 0.0043423890393916404 0.999770000631741 0.021002130707126233 0.019713898676572972 -0.02108383444082467 0.9995833302552828 0.09064306963388961 -0.013731412921273677 2.1791803016289335 
0.9997678137986798 -0.0039567868149039415 -0.021181650792835658 0.004380103979735988 0.9997908623372489 0.01997614267237353 0.021098179573956943 -0.020064282320624478 0.9995760558324831 0.09500541530163223 -0.011716534907372355 2.1491689169866475 
0.9997341504180104 -0.0039035343393604527 -0.022724236128863432 0.004338460571182219 0.9998077529916394 0.019121579895013504 0.022645225718707366 -0.019215084633446743 0.9995588898482561 0.09980147994731257 -0.008352305138297163 2.1169225510207257 
0.9997056752920629 -0.0038935740425331874 -0.023945831996736104 0.004330632330927746 0.9998244908086193 0.018227265370852553 0.023870660075811102 -0.018325601230531816 0.9995470793950051 0.10326956063966261 -0.005840401730931686 2.0874363315440725 
0.9996734971889701 -0.0039853540090913075 -0.025239175331147074 0.0044248955763563375 0.9998391091093527 0.0173832158864346 0.02516583630862494 -0.01748922093285661 0.9995302936049759 0.10778855710944121 -0.003961517799134388 2.055763537724259 
0.9996413220119309 -0.003919277581831486 -0.026492764851478993 0.004358982758758893 0.9998533744691765 0.016559856035292437 0.026423977663252184 -0.016669397884666436 0.9995118331358638 0.11126252398047277 -0.003781460873433222 2.0239949215502464 
0.9996101258094869 -0.003989046223818121 -0.027634831089874804 0.004425829373399943 0.9998659698242215 0.015762437052263493 0.027568250098604714 -0.015878598732043742 0.999493802726564 0.11420178287250675 -0.0062415827044120294 1.9949048887410086 
0.9995775494275734 -0.003909018605745985 -0.02880003913030447 0.0043390128282652166 0.9998798274297238 0.014882999253575753 0.028738400234586594 -0.015001675661262587 0.9994743889061446 0.1177205099437835 -0.011185965910233514 1.9638186767821162 
0.9995468881960364 -0.004011129954339973 -0.02983168004168753 0.004435695674686316 0.9998896269734808 0.014179508972979938 0.02977151157569583 -0.014305408324219412 0.9994543573326276 0.12088872341058361 -0.018121691222986718 1.9334226256966762 
0.9995179960707552 -0.003909615767301287 -0.030797571905162982 0.004325096991591591 0.9999003832090922 0.013435668733775902 0.030741975647556236 -0.01356239517424954 0.9994353367629256 0.12403720622777037 -0.025898794542739488 1.9014775599618012 
0.9994892042135092 -0.003952651199804646 -0.03171288711452954 0.004359390977672178 0.999908997868994 0.012766819922279475 0.03165953838813828 -0.012898547558419305 0.9994154797179866 0.1271540805235042 -0.03432608456009996 1.87021227846061 
0.9994570965056686 -0.003992738071363899 -0.03270428545545853 0.004389803961297004 0.9999174186597193 0.012078306258132304 0.03265335917849825 -0.01221531430530292 0.9993920873364881 0.1304977034962239 -0.04233920726145875 1.8369280340472876 
0.9994272003631482 -0.0039932863214917555 -0.0336054287077862 0.004378986642891755 0.9999252976032402 0.011411559448770937 0.03355734867746392 -0.011552180635102815 0.9993700273033573 0.13393652953251986 -0.04961719079733446 1.8024648075545346 
0.9993749604016029 -0.003901206446214792 -0.0351350126022269 0.004261393625715321 0.9999390770294424 0.010182472876155646 0.03509314814406572 -0.010325832546141 0.9993307000865969 0.1393053775559711 -0.057393921078557585 1.733911677049215 
0.9993493441817214 -0.003884910633026884 -0.035857994268176596 0.004231388390588045 0.9999450460932725 0.009591670647547639 0.035818760948017 -0.009737158871889936 0.9993108645968242 0.141503626248157 -0.058460569518624696 1.7028918973011156 
0.9993304112904401 -0.0037793782625416255 -0.03639293022042031 0.004108998699523499 0.9999511761695348 0.008986735049576155 0.036357189107067506 -0.009130256136198708 0.9992971496122264 0.14296177170423482 -0.05631093037475265 1.6710775112716705 
0.9993016043641866 -0.0037105545244504427 -0.03718245957819124 0.0040259378301670395 0.9999565244839821 0.00841076491782279 0.03714963444975435 -0.008554585146944826 0.9992730976731102 0.14568212836216404 -0.05142975153504646 1.639201692919622 
0.9992720409308108 -0.0037472078403916016 -0.03796507141272012 0.004047365291521727 0.9999611355938971 0.007832377414348083 0.03793424637671105 -0.007980334276501981 0.999248371135358 0.14926426428014658 -0.04678363411605881 1.6071730924133962 
0.9992548787260476 -0.0037888269603274893 -0.03841005249224065 0.0040810657844947106 0.9999632998979986 0.007532845356698081 0.03838010219182088 -0.00768398642437614 0.9992336684221441 0.15068999447507714 -0.04145648386569119 1.5756228813079214 
0.9992342280512116 -0.003767648089968866 -0.03894563285875931 0.004049148024862113 0.9999662284129661 0.007151673497894025 0.0389173726139352 -0.007303893579309495 0.9992157380903336 0.15328749341238856 -0.03567787149035898 1.5423290822194895 
0.9992094580778526 -0.0038353381662653632 -0.039569547241717865 0.004105575227131052 0.9999687875403905 0.006750421990931993 0.039542422027722596 -0.006907541252260364 0.999194016562364 0.1563979543853772 -0.03046536881193264 1.5107128995515826 
0.9991885037686515 -0.003935840878896817 -0.04008544739851798 0.004192057801675726 0.9999713066202393 0.00630972167364714 0.0400594631510553 -0.006472641870788737 0.9991763329459229 0.15964168867807613 -0.027341440828438323 1.479216127865357 
0.9991755336576639 -0.003928316051503658 -0.040408183242038244 0.0041669816237345555 0.9999743592519038 0.005823839188357503 0.0403842692650257 -0.005987417785981597 0.9991662832703003 0.1611993969490446 -0.025932878279236512 1.4500462511350818 
0.999155097249527 -0.003888852646213338 -0.04091415971744307 0.004121689949449095 0.9999757803741935 0.005608060001754277 0.04089135987282658 -0.005771957217331517 0.9991469267318157 0.165090995171361 -0.027422003546051815 1.416783116287447 
0.9991393291281195 -0.0038467130411848223 -0.041301377558018604 0.00406174760969111 0.9999786240912417 0.00512382346906969 0.04128078482498114 -0.005287169315030436 0.9991335959944836 0.1673280913027373 -0.030618624189762748 1.3864526108337079 
0.9991213490498433 -0.003827269517408908 -0.041735858453640605 0.004030762725558964 0.9999803913919681 0.004792680191336472 0.04171669719274832 -0.0049566964409066975 0.999117184486245 0.1705915872629002 -0.03486409324834095 1.3574679080220806 
0.9991086548809343 -0.0038154256505466347 -0.04203972251472674 0.0040045867538008595 0.999982229693799 0.0044162859451417295 0.04202212544530982 -0.004580701226136068 0.9991061796172294 0.17472866249880012 -0.03928080503467482 1.3271123860764404 
0.9990945316591839 -0.0038303781919700104 -0.04237269181468574 0.004009552180659752 0.9999833738001835 0.004144347296379079 0.04235611290034087 -0.004310490239974858 0.9990932786150974 0.17911697482846603 -0.04362878613640835 1.2963045277935024 
0.9990758166711504 -0.0038754081338421382 -0.042807636639621394 0.004039380604074661 0.9999848305153395 0.003744615273042928 0.042792475357346774 -0.003914070899182989 0.9990763154543235 0.18369393546312532 -0.046936307449970786 1.264745736975502 
0.9990634807458191 -0.003827186590814567 -0.04309888725764836 0.003975653517553545 0.9999864535047711 0.003359610998101434 0.04308544556061547 -0.003527810900443667 0.9990651625049759 0.18841532754245066 -0.047529444866804646 1.2332399311878401 
0.9990539928027523 -0.0037836887209146096 -0.04332208633643155 0.003924800426495501 0.9999872649489665 0.0031726773390190273 0.04330953020398843 -0.0033397065063516724 0.9990561200222744 0.19313920208285595 -0.04739807602088001 1.202148415367463 
0.999039684388851 -0.003771687842473277 -0.043651842882562485 0.003905822800248011 0.9999879082635338 0.0029879549821434995 0.043640045422502084 -0.003155581965532293 0.9990423358086387 0.1973111371640043 -0.04522499642370301 1.1716263775486542 
0.9990284344664118 -0.003744740409107122 -0.04391086479288237 0.003871963108572833 0.9999885485247387 0.0028126004110096718 0.04389982949028672 -0.002979889033934149 0.9990314936137245 0.20229804274196173 -0.04087186221217433 1.1394257120350395 
0.9990151215643481 -0.003740420627533534 -0.04421307656451776 0.0038540820836535086 0.9999894833625148 0.0024858028206645034 0.04420331364347304 -0.0026537554333216575 0.9990190311725983 0.20716271817344845 -0.03532841263422407 1.1098113962397376 
0.9990080116141514 -0.003745944263992393 -0.044372971867009975 0.0038505888773461305 0.9999900030371995 0.00227305762337682 0.04436401352489487 -0.002441664848539967 0.9990124486595401 0.21058890666821234 -0.030566575448961925 1.0832240228019645 
0.9989970363127982 -0.0037489074703203847 -0.044619134135757604 0.003847819083388004 0.9999903262646171 0.002131118365084947 0.04461071313650196 -0.0023006672865634554 0.9990017973975268 0.2145882277051138 -0.02514859377785831 1.0514784387501495 
0.998989990123051 -0.0036752097145290245 -0.04478272510132378 0.003765629852904151 0.9999910380715535 0.0019348923452334815 0.044775212626602015 -0.0021015732513899074 0.9989948767256576 0.21814489644221882 -0.020675864112420877 1.0228721547873743 
0.9989821057880014 -0.003727046752319148 -0.04495399245758144 0.0038113299086621672 0.9999911360263917 0.0017893107538540628 0.04494692514174467 -0.0019588239207616017 0.9989874558417386 0.22248657715278072 -0.017508355773791777 0.992636766765706 
